16

’1166161661611666166136111661166661 66 1116 6161 66611661666116666161 modim
6666 1666111 commin 6661 16 66161666 1661666, quae 6611666 mollim- 111 11111166
6661616 atque 661616 1666661166 exprimunt, a· 1666116 6166161613)

Denique 1163666 1116166 166616 66 661616 6661611116 6661111, &vocalem 66161616
antiquissimam 6666,111666161,166666.11166666 (1111616166, 111 6616111 1616111 311161.-
61611661616 111161 616666 qui vivunt peritissimus, 666 6636611616 optimo perspexit,
111611 66116 (1111111111. ’16661166 part. 1. 663. p. 661. 116661 η1611 6666161111 6166
61666616663, 616 616 66166616 16 3663 161, 116666 61161666 666666666611111 66.
6111666. 6116611, 1111, 6666666111 161 1666 16666661, 1166116661 616661663 66166 1666-
611661166 6666161616 66616161166116666 611666, 6661 6666 61666166 1161161 36116661
11666166166, 66 1161666 1611661 616 a· 666 6, 6661 i, 6, 11 661 616166 666 66161166
0661636666 6636666666 1111116111 6116361663, singna& 11116116 6166116; 6111116
116666ς 1116116 1166116ς 611666-616666ς11666166665111161666ς 6116111111 1111666 1111161161
66616116-61161116161 1166 111116,1166 1161661 1116666 1616666; 1136116361 ; 31113616 6111-
61111; 66661666666113 116661 6116666 6611166661 66161616 66666611616 (6616161615
6161666136 1616166 6616666166 616 16116 666161 6161666166611611661661. 1116 166616
1166666 6661 6666 3661 6661 666116611161616661666661113611 11611616 66666 616-
66661 1161116166, z. B. tilltapp; 6111661661; 66661666666666666111 611166666611616
1166161611 6631 1601· zinkplatzpuff! 1116161666 11116 616 666611 6666166 6666-
3666161, 6. 6. fiir diesen 1611 661 6166 616 6116 66661666666166 61661166ς 66 6166 6661
3163 ihre 11116663 1161161, 6661116 16 66161616 1166 66661616 36666 11116666 16
116166 666 166161, 61616 666 116616, 66616161 666 6666666, 616366 666 116366, 61116111
666 66366, 6616611 166166 6166616616136. An 1666. 6616616166 mangelt 66 616611
6136616366111611. 62⁵3 3111611 361166 61611. 339115 316666 3661166, hippon huppen
116. 280b3 31163166 11616616 6166. 166. 3163166166 11611. 88,31. 211‚38. 116116. 110.
311636616166661.066661. 187‚5 131. 3116311616166 2162ος 1166116661111611. 321οὛ

31631661 116611. 161521 11616166166161 6161133186 661616666661616. 2,10·; 131. 61
66166 666 666666 666. 661 3616261. 161 11661. ulique elaqu03 tieta03 11161166 666
6661166661 11116 616 deutsche 116166 66663666661. Wichtt‘ger 1616116, 1166166666
111 1166 odda Bivor aanor Suom. 2¹',· Bisur Basur Su. 16 ,· I‘Ymbulsoenbo' Suom.
23·; Hisne! 616 1116611666. 63· «11666166 66666666ουί66 hemum, 1616611166
6616166 6666 11116131 66611616131 (1116 166 6611616131 1666) 66616 1616116666.
Ans 6661 666. 1611111111 661611661611166 61116616 666 3666161666 6111661616, 666

616 31666611616361663 661 6166611666 661 31666161161663663 666 11666613 661 [1666661663 661·
1636616661* 111681616616618616661116666616611 16611. W.L. 116 ,166 Berlin 1866. p. 78.

·) ,,1166 1, 661 16661616 6611 6666616 vocal, 616611 616 1166666663 666 1611663666, 1161111666
166, 3161666661 666 166166- 616666 666 6166116666 1166166166, 666 6611611166 666 6166136666616666,
6661666611666166136, 161666116 Ει611666663ς 6666166611, 66111 6666166116 666 0616611166 1611166661,
66616361 1161661 1616661111 1161 111611 6661 1161163663, 666 16 61611 (1666666166, 6668111166, 1166661166,
6661163616111166116 66111· 116. system 6618666616666666611 166 116166 p. 76.

 

